idea_id,title,hook,platform,format,based_on,confidence_score,why_it_matches
idea-001,3 AI video editing workflows that save 2 hours per video,"I replaced my usual edit stack with 3 AI tools and cut my editing time in half.",tiktok,short_video,{{keyword}}|capcut ai|ai subtitle generator,0.92,"Google Trends shows sustained growth around AI editing tools, while TikTok clips with tutorial-style captions are earning strong velocity."
idea-002,Best prompt templates for YouTube Shorts faceless edits,"These are the exact prompts I use to turn raw ideas into Shorts scripts and visuals.",youtube,shorts,youtube shorts ai|faceless video ai|prompt workflow,0.87,"Related queries are shifting from general awareness to practical execution, which usually means strong tutorial demand."
idea-003,Faceless channel starter kit for beginners,"If you want to start a faceless channel this week, copy this exact AI workflow.",youtube,long_video,faceless video ai|creator workflow ai|canva ai video,0.84,"Search intent is moving toward setup guides, and TikTok videos with faceless workflow breakdowns are earning above-average share rates."
idea-004,7 viral hooks you can generate with AI in 5 minutes,"These hook templates are built to stop the scroll in the first 2 seconds.",tiktok,carousel_video,viral hook generator|chatgpt script prompt|retention hook prompt,0.89,"Hook-related search demand is rising, and the best-performing TikTok clips in the mock set are explicitly teaching hook frameworks."
idea-005,How to build subtitles that boost retention,"Most creators are wasting their subtitles. Here is the style system that actually keeps people watching.",instagram,reel,ai subtitle generator|auto edit short video|instagram reels ai,0.85,"Subtitle styling is both a top query and a strong TikTok engagement pattern, making it a good cross-platform recommendation."
idea-006,One topic into 10 clips with AI repurposing,"I turn one idea into 10 short videos with a repeatable AI pipeline.",youtube,shorts,shorts automation|creator workflow ai|{{keyword}},0.9,"Creators searching for automation are usually looking for scalable systems, which aligns with repurposing and batch production content."
idea-007,Best AI tools stack for solo creators in 2026,"If you're a solo creator, this is the only AI content stack you need right now.",youtube,long_video,capcut ai|canva ai video|tiktok ai voice,0.81,"This recommendation bundles the most stable high-volume tools into a comparison format that performs well for educational creator audiences."
idea-008,UGC ad creators should steal these AI script prompts,"These prompts are making ad briefs faster and stronger for short-form campaigns.",tiktok,short_video,ugc ad script ai|chatgpt script prompt|creator workflow ai,0.8,"UGC and scripting terms are both climbing, which suggests commercial creator audiences are actively searching for execution shortcuts."
